Held-out session accuracy: 0.8300628691179273

              precision    recall  f1-score   support

           a       0.97      1.00      0.98       177
           b       0.90      1.00      0.95       150
           c       1.00      0.63      0.77       200
           d       0.94      0.82      0.88       188
           e       1.00      0.96      0.98       180
           f       1.00      1.00      1.00       144
           g       0.98      0.79      0.88       232
           h       0.86      1.00      0.92       306
           i       1.00      0.52      0.68       303
           k       0.61      0.67      0.64       236
           l       0.84      1.00      0.92       169
           m       0.77      0.81      0.79       202
           n       1.00      0.60      0.75       298
           o       0.74      1.00      0.85       230
           p       0.88      1.00      0.93       190
           q       1.00      0.88      0.93       220
           r       1.00      0.47      0.64       198
           s       0.66      0.85      0.75       313
           t       0.67      1.00      0.80       192
           u       0.70      0.70      0.70       190
           v       0.43      1.00      0.60       156
           w       0.98      0.97      0.98       303
           x       0.89      0.59      0.71       250
           y       1.00      1.00      1.00       222

    accuracy                           0.83      5249
   macro avg       0.87      0.84      0.83      5249
weighted avg       0.87      0.83      0.83      5249
